{
 "cells": [
  {
   "cell_type": "markdown",
   "id": "28210164",
   "metadata": {},
   "source": [
    "### __Загрузка данных из CSV файла в объект DataFrame__"
   ]
  },
  {
   "cell_type": "code",
   "execution_count": 1,
   "id": "720ce3b5",
   "metadata": {},
   "outputs": [],
   "source": [
    "import pandas as pd"
   ]
  },
  {
   "cell_type": "code",
   "execution_count": 2,
   "id": "a935cfbc",
   "metadata": {},
   "outputs": [
    {
     "data": {
      "text/html": [
       "<div>\n",
       "<style scoped>\n",
       "    .dataframe tbody tr th:only-of-type {\n",
       "        vertical-align: middle;\n",
       "    }\n",
       "\n",
       "    .dataframe tbody tr th {\n",
       "        vertical-align: top;\n",
       "    }\n",
       "\n",
       "    .dataframe thead th {\n",
       "        text-align: right;\n",
       "    }\n",
       "</style>\n",
       "<table border=\"1\" class=\"dataframe\">\n",
       "  <thead>\n",
       "    <tr style=\"text-align: right;\">\n",
       "      <th></th>\n",
       "      <th>Date</th>\n",
       "      <th>Open</th>\n",
       "      <th>High</th>\n",
       "      <th>Low</th>\n",
       "      <th>Close</th>\n",
       "      <th>Volume</th>\n",
       "    </tr>\n",
       "  </thead>\n",
       "  <tbody>\n",
       "    <tr>\n",
       "      <th>0</th>\n",
       "      <td>12/19/2016</td>\n",
       "      <td>790.219971</td>\n",
       "      <td>797.659973</td>\n",
       "      <td>786.270020</td>\n",
       "      <td>794.200012</td>\n",
       "      <td>1225900</td>\n",
       "    </tr>\n",
       "    <tr>\n",
       "      <th>1</th>\n",
       "      <td>12/20/2016</td>\n",
       "      <td>796.760010</td>\n",
       "      <td>798.650024</td>\n",
       "      <td>793.270020</td>\n",
       "      <td>796.419983</td>\n",
       "      <td>925100</td>\n",
       "    </tr>\n",
       "    <tr>\n",
       "      <th>2</th>\n",
       "      <td>12/21/2016</td>\n",
       "      <td>795.840027</td>\n",
       "      <td>796.676025</td>\n",
       "      <td>787.099976</td>\n",
       "      <td>794.559998</td>\n",
       "      <td>1208700</td>\n",
       "    </tr>\n",
       "    <tr>\n",
       "      <th>3</th>\n",
       "      <td>12/22/2016</td>\n",
       "      <td>792.359985</td>\n",
       "      <td>793.320007</td>\n",
       "      <td>788.580017</td>\n",
       "      <td>791.260010</td>\n",
       "      <td>969100</td>\n",
       "    </tr>\n",
       "    <tr>\n",
       "      <th>4</th>\n",
       "      <td>12/23/2016</td>\n",
       "      <td>790.900024</td>\n",
       "      <td>792.739990</td>\n",
       "      <td>787.280029</td>\n",
       "      <td>789.909973</td>\n",
       "      <td>623400</td>\n",
       "    </tr>\n",
       "    <tr>\n",
       "      <th>...</th>\n",
       "      <td>...</td>\n",
       "      <td>...</td>\n",
       "      <td>...</td>\n",
       "      <td>...</td>\n",
       "      <td>...</td>\n",
       "      <td>...</td>\n",
       "    </tr>\n",
       "    <tr>\n",
       "      <th>56</th>\n",
       "      <td>3/13/2017</td>\n",
       "      <td>844.000000</td>\n",
       "      <td>848.684998</td>\n",
       "      <td>843.250000</td>\n",
       "      <td>845.539978</td>\n",
       "      <td>1149500</td>\n",
       "    </tr>\n",
       "    <tr>\n",
       "      <th>57</th>\n",
       "      <td>3/14/2017</td>\n",
       "      <td>843.640015</td>\n",
       "      <td>847.239990</td>\n",
       "      <td>840.799988</td>\n",
       "      <td>845.619995</td>\n",
       "      <td>779900</td>\n",
       "    </tr>\n",
       "    <tr>\n",
       "      <th>58</th>\n",
       "      <td>3/15/2017</td>\n",
       "      <td>847.590027</td>\n",
       "      <td>848.630005</td>\n",
       "      <td>840.770020</td>\n",
       "      <td>847.200012</td>\n",
       "      <td>1379600</td>\n",
       "    </tr>\n",
       "    <tr>\n",
       "      <th>59</th>\n",
       "      <td>3/16/2017</td>\n",
       "      <td>849.030029</td>\n",
       "      <td>850.849976</td>\n",
       "      <td>846.130005</td>\n",
       "      <td>848.780029</td>\n",
       "      <td>970400</td>\n",
       "    </tr>\n",
       "    <tr>\n",
       "      <th>60</th>\n",
       "      <td>3/17/2017</td>\n",
       "      <td>851.609985</td>\n",
       "      <td>853.400024</td>\n",
       "      <td>847.109985</td>\n",
       "      <td>852.119995</td>\n",
       "      <td>1712300</td>\n",
       "    </tr>\n",
       "  </tbody>\n",
       "</table>\n",
       "<p>61 rows × 6 columns</p>\n",
       "</div>"
      ],
      "text/plain": [
       "          Date        Open        High         Low       Close   Volume\n",
       "0   12/19/2016  790.219971  797.659973  786.270020  794.200012  1225900\n",
       "1   12/20/2016  796.760010  798.650024  793.270020  796.419983   925100\n",
       "2   12/21/2016  795.840027  796.676025  787.099976  794.559998  1208700\n",
       "3   12/22/2016  792.359985  793.320007  788.580017  791.260010   969100\n",
       "4   12/23/2016  790.900024  792.739990  787.280029  789.909973   623400\n",
       "..         ...         ...         ...         ...         ...      ...\n",
       "56   3/13/2017  844.000000  848.684998  843.250000  845.539978  1149500\n",
       "57   3/14/2017  843.640015  847.239990  840.799988  845.619995   779900\n",
       "58   3/15/2017  847.590027  848.630005  840.770020  847.200012  1379600\n",
       "59   3/16/2017  849.030029  850.849976  846.130005  848.780029   970400\n",
       "60   3/17/2017  851.609985  853.400024  847.109985  852.119995  1712300\n",
       "\n",
       "[61 rows x 6 columns]"
      ]
     },
     "execution_count": 2,
     "metadata": {},
     "output_type": "execute_result"
    }
   ],
   "source": [
    "# считываем содержимое файла в объект DataFrame\n",
    "df = pd.read_csv('./goog.csv')\n",
    "df"
   ]
  },
  {
   "cell_type": "code",
   "execution_count": 3,
   "id": "b764212f",
   "metadata": {},
   "outputs": [
    {
     "data": {
      "text/plain": [
       "0     12/19/2016\n",
       "1     12/20/2016\n",
       "2     12/21/2016\n",
       "3     12/22/2016\n",
       "4     12/23/2016\n",
       "         ...    \n",
       "56     3/13/2017\n",
       "57     3/14/2017\n",
       "58     3/15/2017\n",
       "59     3/16/2017\n",
       "60     3/17/2017\n",
       "Name: Date, Length: 61, dtype: object"
      ]
     },
     "execution_count": 3,
     "metadata": {},
     "output_type": "execute_result"
    }
   ],
   "source": [
    "df.Date\n",
    "# pandas не знает что первый столбец дата,определяются как str"
   ]
  },
  {
   "cell_type": "code",
   "execution_count": 5,
   "id": "39166b81",
   "metadata": {},
   "outputs": [
    {
     "data": {
      "text/plain": [
       "str"
      ]
     },
     "execution_count": 5,
     "metadata": {},
     "output_type": "execute_result"
    }
   ],
   "source": [
    "type(df.Date[0])"
   ]
  },
  {
   "cell_type": "code",
   "execution_count": 6,
   "id": "e7d0a38f",
   "metadata": {},
   "outputs": [
    {
     "data": {
      "text/html": [
       "<div>\n",
       "<style scoped>\n",
       "    .dataframe tbody tr th:only-of-type {\n",
       "        vertical-align: middle;\n",
       "    }\n",
       "\n",
       "    .dataframe tbody tr th {\n",
       "        vertical-align: top;\n",
       "    }\n",
       "\n",
       "    .dataframe thead th {\n",
       "        text-align: right;\n",
       "    }\n",
       "</style>\n",
       "<table border=\"1\" class=\"dataframe\">\n",
       "  <thead>\n",
       "    <tr style=\"text-align: right;\">\n",
       "      <th></th>\n",
       "      <th>Date</th>\n",
       "      <th>Open</th>\n",
       "      <th>High</th>\n",
       "      <th>Low</th>\n",
       "      <th>Close</th>\n",
       "      <th>Volume</th>\n",
       "    </tr>\n",
       "  </thead>\n",
       "  <tbody>\n",
       "    <tr>\n",
       "      <th>0</th>\n",
       "      <td>2016-12-19</td>\n",
       "      <td>790.219971</td>\n",
       "      <td>797.659973</td>\n",
       "      <td>786.270020</td>\n",
       "      <td>794.200012</td>\n",
       "      <td>1225900</td>\n",
       "    </tr>\n",
       "    <tr>\n",
       "      <th>1</th>\n",
       "      <td>2016-12-20</td>\n",
       "      <td>796.760010</td>\n",
       "      <td>798.650024</td>\n",
       "      <td>793.270020</td>\n",
       "      <td>796.419983</td>\n",
       "      <td>925100</td>\n",
       "    </tr>\n",
       "    <tr>\n",
       "      <th>2</th>\n",
       "      <td>2016-12-21</td>\n",
       "      <td>795.840027</td>\n",
       "      <td>796.676025</td>\n",
       "      <td>787.099976</td>\n",
       "      <td>794.559998</td>\n",
       "      <td>1208700</td>\n",
       "    </tr>\n",
       "    <tr>\n",
       "      <th>3</th>\n",
       "      <td>2016-12-22</td>\n",
       "      <td>792.359985</td>\n",
       "      <td>793.320007</td>\n",
       "      <td>788.580017</td>\n",
       "      <td>791.260010</td>\n",
       "      <td>969100</td>\n",
       "    </tr>\n",
       "    <tr>\n",
       "      <th>4</th>\n",
       "      <td>2016-12-23</td>\n",
       "      <td>790.900024</td>\n",
       "      <td>792.739990</td>\n",
       "      <td>787.280029</td>\n",
       "      <td>789.909973</td>\n",
       "      <td>623400</td>\n",
       "    </tr>\n",
       "    <tr>\n",
       "      <th>...</th>\n",
       "      <td>...</td>\n",
       "      <td>...</td>\n",
       "      <td>...</td>\n",
       "      <td>...</td>\n",
       "      <td>...</td>\n",
       "      <td>...</td>\n",
       "    </tr>\n",
       "    <tr>\n",
       "      <th>56</th>\n",
       "      <td>2017-03-13</td>\n",
       "      <td>844.000000</td>\n",
       "      <td>848.684998</td>\n",
       "      <td>843.250000</td>\n",
       "      <td>845.539978</td>\n",
       "      <td>1149500</td>\n",
       "    </tr>\n",
       "    <tr>\n",
       "      <th>57</th>\n",
       "      <td>2017-03-14</td>\n",
       "      <td>843.640015</td>\n",
       "      <td>847.239990</td>\n",
       "      <td>840.799988</td>\n",
       "      <td>845.619995</td>\n",
       "      <td>779900</td>\n",
       "    </tr>\n",
       "    <tr>\n",
       "      <th>58</th>\n",
       "      <td>2017-03-15</td>\n",
       "      <td>847.590027</td>\n",
       "      <td>848.630005</td>\n",
       "      <td>840.770020</td>\n",
       "      <td>847.200012</td>\n",
       "      <td>1379600</td>\n",
       "    </tr>\n",
       "    <tr>\n",
       "      <th>59</th>\n",
       "      <td>2017-03-16</td>\n",
       "      <td>849.030029</td>\n",
       "      <td>850.849976</td>\n",
       "      <td>846.130005</td>\n",
       "      <td>848.780029</td>\n",
       "      <td>970400</td>\n",
       "    </tr>\n",
       "    <tr>\n",
       "      <th>60</th>\n",
       "      <td>2017-03-17</td>\n",
       "      <td>851.609985</td>\n",
       "      <td>853.400024</td>\n",
       "      <td>847.109985</td>\n",
       "      <td>852.119995</td>\n",
       "      <td>1712300</td>\n",
       "    </tr>\n",
       "  </tbody>\n",
       "</table>\n",
       "<p>61 rows × 6 columns</p>\n",
       "</div>"
      ],
      "text/plain": [
       "         Date        Open        High         Low       Close   Volume\n",
       "0  2016-12-19  790.219971  797.659973  786.270020  794.200012  1225900\n",
       "1  2016-12-20  796.760010  798.650024  793.270020  796.419983   925100\n",
       "2  2016-12-21  795.840027  796.676025  787.099976  794.559998  1208700\n",
       "3  2016-12-22  792.359985  793.320007  788.580017  791.260010   969100\n",
       "4  2016-12-23  790.900024  792.739990  787.280029  789.909973   623400\n",
       "..        ...         ...         ...         ...         ...      ...\n",
       "56 2017-03-13  844.000000  848.684998  843.250000  845.539978  1149500\n",
       "57 2017-03-14  843.640015  847.239990  840.799988  845.619995   779900\n",
       "58 2017-03-15  847.590027  848.630005  840.770020  847.200012  1379600\n",
       "59 2017-03-16  849.030029  850.849976  846.130005  848.780029   970400\n",
       "60 2017-03-17  851.609985  853.400024  847.109985  852.119995  1712300\n",
       "\n",
       "[61 rows x 6 columns]"
      ]
     },
     "execution_count": 6,
     "metadata": {},
     "output_type": "execute_result"
    }
   ],
   "source": [
    "# Параметр parse_dates функции pd.read_csv() указывает pandas как нужно преобразовать данные непосредственно в пандосовкий объект\n",
    "df = pd.read_csv('./goog.csv', parse_dates = ['Date'])\n",
    "df"
   ]
  },
  {
   "cell_type": "code",
   "execution_count": 7,
   "id": "c64fae4e",
   "metadata": {},
   "outputs": [
    {
     "data": {
      "text/plain": [
       "0    2016-12-19\n",
       "1    2016-12-20\n",
       "2    2016-12-21\n",
       "3    2016-12-22\n",
       "4    2016-12-23\n",
       "        ...    \n",
       "56   2017-03-13\n",
       "57   2017-03-14\n",
       "58   2017-03-15\n",
       "59   2017-03-16\n",
       "60   2017-03-17\n",
       "Name: Date, Length: 61, dtype: datetime64[ns]"
      ]
     },
     "execution_count": 7,
     "metadata": {},
     "output_type": "execute_result"
    }
   ],
   "source": [
    "df.Date"
   ]
  },
  {
   "cell_type": "code",
   "execution_count": 8,
   "id": "cac4021b",
   "metadata": {},
   "outputs": [
    {
     "data": {
      "text/plain": [
       "pandas._libs.tslibs.timestamps.Timestamp"
      ]
     },
     "execution_count": 8,
     "metadata": {},
     "output_type": "execute_result"
    }
   ],
   "source": [
    "type(df.Date[0])\n",
    "# теперь мы видим что столбец Data имеет тип Timestamp"
   ]
  },
  {
   "cell_type": "code",
   "execution_count": 9,
   "id": "ee570a15",
   "metadata": {},
   "outputs": [
    {
     "data": {
      "text/plain": [
       "RangeIndex(start=0, stop=61, step=1)"
      ]
     },
     "execution_count": 9,
     "metadata": {},
     "output_type": "execute_result"
    }
   ],
   "source": [
    "# выведем индекс \n",
    "df.index"
   ]
  },
  {
   "cell_type": "code",
   "execution_count": 10,
   "id": "f8d992c4",
   "metadata": {},
   "outputs": [
    {
     "data": {
      "text/html": [
       "<div>\n",
       "<style scoped>\n",
       "    .dataframe tbody tr th:only-of-type {\n",
       "        vertical-align: middle;\n",
       "    }\n",
       "\n",
       "    .dataframe tbody tr th {\n",
       "        vertical-align: top;\n",
       "    }\n",
       "\n",
       "    .dataframe thead th {\n",
       "        text-align: right;\n",
       "    }\n",
       "</style>\n",
       "<table border=\"1\" class=\"dataframe\">\n",
       "  <thead>\n",
       "    <tr style=\"text-align: right;\">\n",
       "      <th></th>\n",
       "      <th>Open</th>\n",
       "      <th>High</th>\n",
       "      <th>Low</th>\n",
       "      <th>Close</th>\n",
       "      <th>Volume</th>\n",
       "    </tr>\n",
       "    <tr>\n",
       "      <th>Date</th>\n",
       "      <th></th>\n",
       "      <th></th>\n",
       "      <th></th>\n",
       "      <th></th>\n",
       "      <th></th>\n",
       "    </tr>\n",
       "  </thead>\n",
       "  <tbody>\n",
       "    <tr>\n",
       "      <th>2016-12-19</th>\n",
       "      <td>790.219971</td>\n",
       "      <td>797.659973</td>\n",
       "      <td>786.270020</td>\n",
       "      <td>794.200012</td>\n",
       "      <td>1225900</td>\n",
       "    </tr>\n",
       "    <tr>\n",
       "      <th>2016-12-20</th>\n",
       "      <td>796.760010</td>\n",
       "      <td>798.650024</td>\n",
       "      <td>793.270020</td>\n",
       "      <td>796.419983</td>\n",
       "      <td>925100</td>\n",
       "    </tr>\n",
       "    <tr>\n",
       "      <th>2016-12-21</th>\n",
       "      <td>795.840027</td>\n",
       "      <td>796.676025</td>\n",
       "      <td>787.099976</td>\n",
       "      <td>794.559998</td>\n",
       "      <td>1208700</td>\n",
       "    </tr>\n",
       "    <tr>\n",
       "      <th>2016-12-22</th>\n",
       "      <td>792.359985</td>\n",
       "      <td>793.320007</td>\n",
       "      <td>788.580017</td>\n",
       "      <td>791.260010</td>\n",
       "      <td>969100</td>\n",
       "    </tr>\n",
       "    <tr>\n",
       "      <th>2016-12-23</th>\n",
       "      <td>790.900024</td>\n",
       "      <td>792.739990</td>\n",
       "      <td>787.280029</td>\n",
       "      <td>789.909973</td>\n",
       "      <td>623400</td>\n",
       "    </tr>\n",
       "    <tr>\n",
       "      <th>...</th>\n",
       "      <td>...</td>\n",
       "      <td>...</td>\n",
       "      <td>...</td>\n",
       "      <td>...</td>\n",
       "      <td>...</td>\n",
       "    </tr>\n",
       "    <tr>\n",
       "      <th>2017-03-13</th>\n",
       "      <td>844.000000</td>\n",
       "      <td>848.684998</td>\n",
       "      <td>843.250000</td>\n",
       "      <td>845.539978</td>\n",
       "      <td>1149500</td>\n",
       "    </tr>\n",
       "    <tr>\n",
       "      <th>2017-03-14</th>\n",
       "      <td>843.640015</td>\n",
       "      <td>847.239990</td>\n",
       "      <td>840.799988</td>\n",
       "      <td>845.619995</td>\n",
       "      <td>779900</td>\n",
       "    </tr>\n",
       "    <tr>\n",
       "      <th>2017-03-15</th>\n",
       "      <td>847.590027</td>\n",
       "      <td>848.630005</td>\n",
       "      <td>840.770020</td>\n",
       "      <td>847.200012</td>\n",
       "      <td>1379600</td>\n",
       "    </tr>\n",
       "    <tr>\n",
       "      <th>2017-03-16</th>\n",
       "      <td>849.030029</td>\n",
       "      <td>850.849976</td>\n",
       "      <td>846.130005</td>\n",
       "      <td>848.780029</td>\n",
       "      <td>970400</td>\n",
       "    </tr>\n",
       "    <tr>\n",
       "      <th>2017-03-17</th>\n",
       "      <td>851.609985</td>\n",
       "      <td>853.400024</td>\n",
       "      <td>847.109985</td>\n",
       "      <td>852.119995</td>\n",
       "      <td>1712300</td>\n",
       "    </tr>\n",
       "  </tbody>\n",
       "</table>\n",
       "<p>61 rows × 5 columns</p>\n",
       "</div>"
      ],
      "text/plain": [
       "                  Open        High         Low       Close   Volume\n",
       "Date                                                               \n",
       "2016-12-19  790.219971  797.659973  786.270020  794.200012  1225900\n",
       "2016-12-20  796.760010  798.650024  793.270020  796.419983   925100\n",
       "2016-12-21  795.840027  796.676025  787.099976  794.559998  1208700\n",
       "2016-12-22  792.359985  793.320007  788.580017  791.260010   969100\n",
       "2016-12-23  790.900024  792.739990  787.280029  789.909973   623400\n",
       "...                ...         ...         ...         ...      ...\n",
       "2017-03-13  844.000000  848.684998  843.250000  845.539978  1149500\n",
       "2017-03-14  843.640015  847.239990  840.799988  845.619995   779900\n",
       "2017-03-15  847.590027  848.630005  840.770020  847.200012  1379600\n",
       "2017-03-16  849.030029  850.849976  846.130005  848.780029   970400\n",
       "2017-03-17  851.609985  853.400024  847.109985  852.119995  1712300\n",
       "\n",
       "[61 rows x 5 columns]"
      ]
     },
     "execution_count": 10,
     "metadata": {},
     "output_type": "execute_result"
    }
   ],
   "source": [
    "# поле с датами не использовалось в качестве индекса для дата фрейма\n",
    "# подправим програмный код с помощью параметра index_col функции pd.read_csv(), который указывает какой столбец в файле \n",
    "# следует использовать в качестве индекса\n",
    "\n",
    "df = pd.read_csv('./goog.csv', \n",
    "                parse_dates = ['Date'],\n",
    "                index_col = 'Date')\n",
    "df"
   ]
  },
  {
   "cell_type": "code",
   "execution_count": 11,
   "id": "fe0ac37f",
   "metadata": {},
   "outputs": [
    {
     "data": {
      "text/plain": [
       "DatetimeIndex(['2016-12-19', '2016-12-20', '2016-12-21', '2016-12-22',\n",
       "               '2016-12-23', '2016-12-27', '2016-12-28', '2016-12-29',\n",
       "               '2016-12-30', '2017-01-03', '2017-01-04', '2017-01-05',\n",
       "               '2017-01-06', '2017-01-09', '2017-01-10', '2017-01-11',\n",
       "               '2017-01-12', '2017-01-13', '2017-01-17', '2017-01-18',\n",
       "               '2017-01-19', '2017-01-20', '2017-01-23', '2017-01-24',\n",
       "               '2017-01-25', '2017-01-26', '2017-01-27', '2017-01-30',\n",
       "               '2017-01-31', '2017-02-01', '2017-02-02', '2017-02-03',\n",
       "               '2017-02-06', '2017-02-07', '2017-02-08', '2017-02-09',\n",
       "               '2017-02-10', '2017-02-13', '2017-02-14', '2017-02-15',\n",
       "               '2017-02-16', '2017-02-17', '2017-02-21', '2017-02-22',\n",
       "               '2017-02-23', '2017-02-24', '2017-02-27', '2017-02-28',\n",
       "               '2017-03-01', '2017-03-02', '2017-03-03', '2017-03-06',\n",
       "               '2017-03-07', '2017-03-08', '2017-03-09', '2017-03-10',\n",
       "               '2017-03-13', '2017-03-14', '2017-03-15', '2017-03-16',\n",
       "               '2017-03-17'],\n",
       "              dtype='datetime64[ns]', name='Date', freq=None)"
      ]
     },
     "execution_count": 11,
     "metadata": {},
     "output_type": "execute_result"
    }
   ],
   "source": [
    "# теперь индекс это DatetimeIndex\n",
    "df.index"
   ]
  }
 ],
 "metadata": {
  "kernelspec": {
   "display_name": "Python 3 (ipykernel)",
   "language": "python",
   "name": "python3"
  },
  "language_info": {
   "codemirror_mode": {
    "name": "ipython",
    "version": 3
   },
   "file_extension": ".py",
   "mimetype": "text/x-python",
   "name": "python",
   "nbconvert_exporter": "python",
   "pygments_lexer": "ipython3",
   "version": "3.10.9"
  }
 },
 "nbformat": 4,
 "nbformat_minor": 5
}
